   3.0000000000000000       1.48375186884315939E-002   429.33923663200403     
   3.1000000000000001       1.62809178540490040E-002   424.07878989288656     
   3.2000000000000002       1.74811451360178047E-002   409.40226146385066     
   3.2999999999999998       1.86437622241426293E-002   393.78790835838663     
   3.3999999999999999       1.97978412203513796E-002   378.31352808556403     
   3.5000000000000000       2.09166887916597405E-002   362.47605737928461     
   3.6000000000000001       2.20167971142362466E-002   346.90945875089801     
   3.7000000000000002       2.30834836954512367E-002   331.38742352301506     
   3.7999999999999998       2.41192577967804141E-002   316.10553258920572     
   3.8999999999999999       2.51276919299490975E-002   301.22708669484382     
   4.0000000000000000       2.60885069387339387E-002   286.47083983154607     
   4.0999999999999996       2.70292042125881218E-002   272.39920763047121     
   4.2000000000000002       2.79182854278377003E-002   258.53657546445083     
   4.2999999999999998       2.87690727403897527E-002   245.17103315373697     
   4.4000000000000004       2.95951073043429110E-002   232.49402842894870     
   4.5000000000000000       3.03454417385505999E-002   219.88090806398850     
   4.5999999999999996       3.10492665834554149E-002   207.74035182520538     
   4.7000000000000002       3.17258714724953164E-002   196.27676922247701     
   4.7999999999999998       3.23498344727108228E-002   185.21368707389365     
   4.9000000000000004       3.28902597124179422E-002   174.28798318275130     
   5.0000000000000000       3.34043936648947271E-002   164.03217173206440     
   5.0999999999999996       3.38519869481755595E-002   154.08586145511617     
   5.2000000000000002       3.42491278491042980E-002   144.58119734766296     
   5.2999999999999998       3.45716151915842970E-002   135.34313070269377     
   5.4000000000000004       3.48703484518519541E-002   126.71518151938380     
   5.5000000000000000       3.51467466263809675E-002   118.65822981825158     
   5.5999999999999996       3.53329964995278065E-002   110.75684693931521     
   5.7000000000000002       3.54400089553199849E-002   103.10837848184860     
   5.7999999999999998       3.54935316943367912E-002   95.891401250800527     
   5.9000000000000004       3.55260678360136001E-002   89.202947778598627     
   6.0000000000000000       3.54638623977699338E-002   82.630245459861953     
   6.0999999999999996       3.53844668164867079E-002   76.495813577161925     
   6.2000000000000002       3.52797074669514849E-002   70.756836822974265     
   6.2999999999999998       3.50237673527173943E-002   65.011000731726767     
   6.4000000000000004       3.47039748141666146E-002   59.578964298129335     
   6.5000000000000000       3.43045791894881977E-002   54.394625328568168     
   6.5999999999999996       3.37655916705186798E-002   49.295729009184015     
   6.7000000000000002       3.31674597546067762E-002   44.527397139101367     
   6.7999999999999998       3.23177054316796525E-002   39.617907177529446     
   6.9000000000000004       3.14483194003608094E-002   35.172474354767587     
   7.0000000000000000       3.02543727946420482E-002   30.543998591932962     
   7.0999999999999996       2.89531863448768516E-002   26.252285343082576     
   7.2000000000000002       2.73056926274499179E-002   21.924219382385104     
   7.2999999999999998       2.56260213425596808E-002   18.125691131305018     
   7.4000000000000004       2.33802907787887815E-002   14.190989099749515     
   7.5000000000000000       2.11815975409826197E-002   10.954259084809735     
   7.5999999999999996       1.87027672286113542E-002   8.1373347231363766     
   7.7000000000000002       1.62474022497798715E-002   5.9328388697693981     
   7.7999999999999998       1.38680399260501606E-002   4.3528881756997748     
   7.9000000000000004       1.15692602554995794E-002   3.2852375331343637     
   8.0000000000000000       9.35735710670339282E-003   2.5265212429243604     
   8.0999999999999996       8.14140831456946178E-003   2.5006134723602997     
   8.1999999999999993       6.95640922862886257E-003   2.5080442176817428     
   8.3000000000000007       6.13305742507539928E-003   2.6407496887236732     
   8.4000000000000004       6.01015556519293552E-003   3.0704434883691647     
   8.5000000000000000       5.97244918952182652E-003   3.5068603556735525     
   8.5999999999999996       5.70452756172604419E-003   3.7837397976718421     
   8.6999999999999993       5.25693410588180463E-003   3.9767681053178876     
   8.8000000000000007       4.90976363126164640E-003   4.2997757881906296     
   8.9000000000000004       4.89354299816155847E-003   5.0000503723221641     
   9.0000000000000000       5.40746659022570651E-003   6.4309169608785623     
   9.0999999999999996       6.83170014254067242E-003   9.3319872389445209     
   9.1999999999999993       9.38421088875421479E-003   14.301506309548358     
   9.3000000000000007       1.28912031504354527E-002   21.283646056153088     
   9.4000000000000004       1.73614726970107609E-002   30.257035838569209     
   9.5000000000000000       2.27964553672482945E-002   40.607545231000358     
   9.5999999999999996       2.86607118737442733E-002   51.315031178063009     
   9.6999999999999993       3.47331184311437183E-002   61.731051531731737     
   9.8000000000000007       4.05047343314582295E-002   70.797800743763673     
   9.9000000000000004       4.60623435077362128E-002   79.197783039547289     
   10.000000000000000       5.15190459632005049E-002   87.146413429486074     
   10.100000000000000       5.70722703363183634E-002   95.419834770875696     
   10.199999999999999       6.32614203840491801E-002   104.67607884626966     
   10.300000000000001       7.04195179616607797E-002   115.54854830176896     
   10.400000000000000       7.87546794559997321E-002   127.29798033638588     
   10.500000000000000       8.78861664652289820E-002   139.74271808945616     
   10.600000000000000       9.64959600597091599E-002   148.89816188280020     
   10.699999999999999       0.10506732117871238        157.46685277279869     
   10.800000000000001       0.11171363785047417        161.78112580736604     
   10.900000000000000       0.11830603610019863        165.94684177089812     
   11.000000000000000       0.12434332517786559        169.34438597450435     
   11.100000000000000       0.13036737698096396        172.46321881345818     
   11.199999999999999       0.13619758505794599        174.83546907645518     
   11.300000000000001       0.14174344064876532        176.62381824995805     
   11.400000000000000       0.14640236275349355        176.80283113098795     
   11.500000000000000       0.15107033258926611        177.05222828383751     
   11.600000000000000       0.15555185622964748        177.21518028499594     
   11.699999999999999       0.16009933656797165        177.45318518975353     
   11.800000000000001       0.16477426979321336        177.34044861076438     
   11.900000000000000       0.16952957307423661        177.37052929019416     
   12.000000000000000       0.17292452569505676        174.98783875838842     
   12.100000000000000       0.17597209250444945        172.13444158842572     
   12.199999999999999       0.17845222222269513        168.66928622891402     
   12.300000000000001       0.18015031687048647        164.37506094961321     
   12.400000000000000       0.18171694852173839        160.21219427775901     
   12.500000000000000       0.18295379697016168        155.64707961683439     
   12.600000000000000       0.18424446767818783        151.34341124498400     
   12.699999999999999       0.18477612453655398        146.23737252870694     
   12.800000000000001       0.18453034810179178        140.34227385753917     
   12.900000000000000       0.18432550622475291        134.79590315782821     
   13.000000000000000       0.18290676311227155        128.32514787496143     
   13.100000000000000       0.18130989365155492        122.00742158465329     
   13.199999999999999       0.17966731584802181        115.96916848279471     
   13.300000000000001       0.17732241976717736        109.61190600540965     
   13.400000000000000       0.17504566679418571        103.62501549291466     
   13.500000000000000       0.17239731107024545        97.622991432728213     
   13.600000000000000       0.16841222559942734        90.848877835166093     
   13.699999999999999       0.16449846161400569        84.514643232098337     
   13.800000000000001       0.16036045995156994        78.432389175289984     
   13.900000000000000       0.15536058752640439        72.269293258388103     
   14.000000000000000       0.15043898680680931        66.524543822739673     
   14.100000000000000       0.14560644361423866        61.214972138355421     
   14.199999999999999       0.14092178893119942        56.590511725974409     
   14.300000000000001       0.13630623670650424        52.270334740831601     
   14.400000000000000       0.13176141070201516        48.237460068186977     
   14.500000000000000       0.12804812172596539        45.077013839508993     
   14.600000000000000       0.12445350307180228        42.221531384054543     
   14.699999999999999       0.12087496051231533        39.536333710548888     
   14.800000000000001       0.11789591403728117        37.218888148360293     
   14.900000000000000       0.11540218706484302        35.326526645651626     
   15.000000000000000       0.11286724562848301        33.537998078065087     
   15.100000000000000       0.11063512445790417        31.988149785142355     
   15.199999999999999       0.10864662596822285        30.645612723695621     
   15.300000000000001       0.10674346732749032        29.399742381077061     
   15.400000000000000       0.10485886092525194        28.215199198690414     
   15.500000000000000       0.10300545982404344        27.092859930363787     
   15.600000000000000       0.10176135528527651        26.302177588866087     
   15.699999999999999       0.10052498675603203        25.548512432064612     
   15.800000000000001       9.92999226338393826E-002   24.828366301058111     
   15.900000000000000       9.81043662615629919E-002   24.148461098318194     
   16.000000000000000       9.72888089669367156E-002   23.658942391383206     
   16.100000000000001       9.64840999993166609E-002   23.192617307609737     
   16.199999999999999       9.56910538951061679E-002   22.747981922803660     
   16.300000000000001       9.49076362684965619E-002   22.323617895604755     
   16.399999999999999       9.47161962613041059E-002   22.136706517001699     
   16.500000000000000       9.46288297852311416E-002   21.994262865110798     
   16.600000000000001       9.45537286597833843E-002   21.862134698502615     
   16.699999999999999       9.44891626831635828E-002   21.740384411458081     
   16.800000000000001       9.46294444174172883E-002   21.682753074257093     
   16.899999999999999       9.50115550689192012E-002   21.697136245010711     
   17.000000000000000       9.54085696215380558E-002   21.715947976429788     
   17.100000000000001       9.58197690054347906E-002   21.741564009639674     
   17.199999999999999       9.62483629936752849E-002   21.771585607801882     
   17.300000000000001       9.72287901420036821E-002   21.974519448503358     
   17.399999999999999       9.83619118202948284E-002   22.221916858718430     
   17.500000000000000       9.95193265994612775E-002   22.471818171634268     
   17.600000000000001       0.10070179965416451        22.723995325370694     
   17.699999999999999       0.10190853210235426        22.977874431716046     
   17.800000000000001       0.10352659158462144        23.305946478162099     
   17.899999999999999       0.10522545898579677        23.644118347823834     
   18.000000000000000       0.10695377633594411        23.982023530426147     
   18.100000000000001       0.10871158300263452        24.319724450618651     
   18.199999999999999       0.11049715505174063        24.657755129582469     
   18.300000000000001       0.11275031797457806        25.105411185859438     
   18.399999999999999       0.11526974498010151        25.605071376163153     
   18.500000000000000       0.11783050002890616        26.102612288917214     
   18.600000000000001       0.12042592286165624        26.602747125393691     
   18.699999999999999       0.12305506986260122        27.102037782873623     
   18.800000000000001       0.12574673061736250        27.595251177182092     
   18.899999999999999       0.12860772785199484        28.039637165498874     
   19.000000000000000       0.13150553376095106        28.481392264947814     
   19.100000000000001       0.13444624478434386        28.920202791481586     
   19.199999999999999       0.13738850874143266        29.361057733145429     
   19.300000000000001       0.14038753412187455        29.798354861837737     
   19.399999999999999       0.14348173871983769        30.232101498209943     
   19.500000000000000       0.14679532355579319        30.657174135139343     
   19.600000000000001       0.15014917931476901        31.077535737654046     
   19.699999999999999       0.15352096457820502        31.498796297895197     
   19.800000000000001       0.15693163030542340        31.918070299620354     
   19.899999999999999       0.16038247658460203        32.334892405347418     
   20.000000000000000       0.16386038202178335        32.748854761544891     
   20.100000000000001       0.16660951006264860        32.862817760446262     
   20.199999999999999       0.16937320510051776        32.973037036442960     
   20.300000000000001       0.17215145378909169        33.081406774850294     
   20.399999999999999       0.17462144964744039        33.129188371403060     
   20.500000000000000       0.17700282239500176        33.155127814687219     
   20.600000000000001       0.17938225865171889        33.180611154712011     
   20.699999999999999       0.18179315209937730        33.208542880954852     
   20.800000000000001       0.18425963141260060        33.240691973504227     
   20.899999999999999       0.18672956896140697        33.272404671781899     
   21.000000000000000       0.18922048999549479        33.302891751653874     
   21.100000000000001       0.19156798404018835        33.286403693589776     
   21.199999999999999       0.19391633356920310        33.261318996752195     
   21.300000000000001       0.19627956978765426        33.235565571323264     
   21.399999999999999       0.19857520132301487        33.192874400021708     
   21.500000000000000       0.20061604177060233        33.097060902863973     
   21.600000000000001       0.20267848896035853        33.000884389275285     
   21.699999999999999       0.20473723817433773        32.906648035424922     
   21.800000000000001       0.20691098062245733        32.840801126807861     
   21.899999999999999       0.20919355682364651        32.806865582676622     
   22.000000000000000       0.21149675906911933        32.771488433447935     
   22.100000000000001       0.21381601682291573        32.735947917430131     
   22.199999999999999       0.21614881923093099        32.685231573877147     
   22.300000000000001       0.21850006899635008        32.624991468631251     
   22.399999999999999       0.22085600319759527        32.564819874535459     
   22.500000000000000       0.22322573329144582        32.506164539190252     
   22.600000000000001       0.22521702985234246        32.361733244465341     
   22.699999999999999       0.22693320456505656        32.155895391878694     
   22.800000000000001       0.22865144167306067        31.953143408023124     
   22.899999999999999       0.23038657743957586        31.752616486360914     
   23.000000000000000       0.23211926580678738        31.566441152779866     
   23.100000000000001       0.23387939816317677        31.399366898738180     
   23.199999999999999       0.23564291315157135        31.233608766068976     
   23.300000000000001       0.23740273591680641        31.070276219643681     
   23.399999999999999       0.23919235667690394        30.909933339479018     
   23.500000000000000       0.24112220350160482        30.772572916529995     
   23.600000000000001       0.24304428011396331        30.637343229188083     
   23.699999999999999       0.24496786656711811        30.503516853710209     
   23.800000000000001       0.24690247789912803        30.370904554802571     
   23.899999999999999       0.24864451759437645        30.196310770942866     
   24.000000000000000       0.25019290959823320        29.993730850156837     
   24.100000000000001       0.25176110986965888        29.792746500104258     
   24.199999999999999       0.25333889168860180        29.594924604279157     
   24.300000000000001       0.25490098047858023        29.399430868797651     
   24.399999999999999       0.25668807329025245        29.251220253355079     
   24.500000000000000       0.25849704822502195        29.109885178532444     
   24.600000000000001       0.26030758727495984        28.969888466219238     
   24.699999999999999       0.26216387743295799        28.830526890110384     
   24.800000000000001       0.26395983540135087        28.694245723087619     
   24.899999999999999       0.26587086569833279        28.558966264101805     
   25.000000000000000       0.26588510772320889        28.133016220582412     
