   3.0000000000000000       8.96251417933226491E-002   3445.8992478970977     
   3.1000000000000001       9.39332763019542494E-002   3246.0794396997535     
   3.2000000000000002       9.73837213538410046E-002   3019.7672595554668     
   3.2999999999999998       0.10067946157995240        2809.9468786237594     
   3.3999999999999999       0.10391908577229540        2618.7452608118001     
   3.5000000000000000       0.10703179979647576        2441.2410708564039     
   3.6000000000000001       0.11008605749680689        2278.7867358900130     
   3.7000000000000002       0.11302447447634269        2127.8703522214346     
   3.7999999999999998       0.11585053640046954        1987.7741002756766     
   3.8999999999999999       0.11857533271535804        1857.9906102391924     
   4.0000000000000000       0.12112752835367319        1735.8169168975937     
   4.0999999999999996       0.12360365039705798        1623.3109668537327     
   4.2000000000000002       0.12589557333781956        1517.0932859352306     
   4.2999999999999998       0.12805351334350715        1418.0163438384143     
   4.4000000000000004       0.13012896161790821        1326.5236319756332     
   4.5000000000000000       0.13195079832014539        1238.8201773163196     
   4.5999999999999996       0.13362482980876064        1156.6456036974428     
   4.7000000000000002       0.13522032830485389        1080.6622587748416     
   4.7999999999999998       0.13665463723240640        1009.1156214711009     
   4.9000000000000004       0.13782676863626445        940.39068735188994     
   5.0000000000000000       0.13892755818141655        876.89575121467260     
   5.0999999999999996       0.13982456047251107        816.59558100902086     
   5.2000000000000002       0.14057069620209658        759.96454767122623     
   5.2999999999999998       0.14108591214562854        705.94044750938883     
   5.4000000000000004       0.14153894425152594        656.09110012741962     
   5.5000000000000000       0.14193004321538574        610.03101676872006     
   5.5999999999999996       0.14203807355681736        565.65141679025669     
   5.7000000000000002       0.14189469726521189        523.29243574858560     
   5.7999999999999998       0.14158191767151945        483.72360636316284     
   5.9000000000000004       0.14120496314215153        447.32585673037647     
   6.0000000000000000       0.14052761613318676        412.08346489591327     
   6.0999999999999996       0.13980359228069911        379.47989269051573     
   6.2000000000000002       0.13901081665464346        349.25680937834704     
   6.2999999999999998       0.13772680348762381        319.40798666627541     
   6.4000000000000004       0.13623680694978529        291.41471743729960     
   6.5000000000000000       0.13448830019030142        264.92805696006758     
   6.5999999999999996       0.13228732767990201        239.16420827471939     
   6.7000000000000002       0.12989322048725804        215.23303836571586     
   6.7999999999999998       0.12667073103039606        190.90760604534944     
   6.9000000000000004       0.12338256185409172        168.98608757027205     
   7.0000000000000000       0.11901228189786120        146.43699624370004     
   7.0999999999999996       0.11427053673155682        125.64796570896931     
   7.2000000000000002       0.10834776421039533        104.87560702622056     
   7.2999999999999998       0.10228145087619459        86.695859403096563     
   7.4000000000000004       9.42404929111385764E-002   68.034440727970093     
   7.5000000000000000       8.62901384056992404E-002   52.688996570567269     
   7.5999999999999996       7.72840739976669994E-002   39.378996180674875     
   7.7000000000000002       6.82662225953140078E-002   28.958399124107984     
   7.7999999999999998       5.94303678746484210E-002   21.499959393877219     
   7.9000000000000004       5.07989505058425855E-002   16.499171658120758     
   8.0000000000000000       4.24068894111362185E-002   12.999911150557438     
   8.0999999999999996       3.76555366868900690E-002   13.073166675419543     
   8.1999999999999993       3.30002619222858617E-002   13.389671528262483     
   8.3000000000000007       2.96917857633009138E-002   14.340495773209824     
   8.4000000000000004       2.90036273397133032E-002   16.599488230079942     
   8.5000000000000000       2.86355650730887624E-002   18.816401670335551     
   8.5999999999999996       2.74172827813517483E-002   20.316796519770435     
   8.6999999999999993       2.55302454911332001E-002   21.529062755835980     
   8.8000000000000007       2.40257154528868734E-002   23.410372777849716     
   8.9000000000000004       2.37684267967856536E-002   26.994451567119427     
   9.0000000000000000       2.54958861837702028E-002   33.721466354834092     
   9.0999999999999996       3.05901570607697675E-002   46.614634267211500     
   9.1999999999999993       3.97580556718795872E-002   68.014313364479335     
   9.3000000000000007       5.21987198896700227E-002   97.589720233310913     
   9.4000000000000004       6.77407785310726596E-002   135.20012195850836     
   9.5000000000000000       8.61566670878604612E-002   178.17457357246406     
   9.5999999999999996       0.10542618616776989        222.35202053436785     
   9.6999999999999993       0.12474579520880291        265.06932377978785     
   9.8000000000000007       0.14252651866053140        301.96896990388007     
   9.9000000000000004       0.15913710158930172        335.99545420880872     
   10.000000000000000       0.17498617996205854        368.06208205939458     
   10.100000000000000       0.19067518784504284        401.42571734649323     
   10.199999999999999       0.20768436756238259        438.77437113968290     
   10.300000000000001       0.22676185439404234        482.70612947630343     
   10.400000000000000       0.24820393027401993        530.10598217528684     
   10.500000000000000       0.27077705793015233        580.23675851121084     
   10.600000000000000       0.29121176802793292        616.66202653826952     
   10.699999999999999       0.31078669810413573        650.60875688104306     
   10.800000000000001       0.32542652326936594        667.04241551445068     
   10.900000000000000       0.33954074002520152        682.86555815104350     
   11.000000000000000       0.35211758935509507        695.54975733427978     
   11.100000000000000       0.36435355370659450        707.09593947286510     
   11.199999999999999       0.37590885584795081        715.59617482799331     
   11.300000000000001       0.38664128109854329        721.73029965095157     
   11.400000000000000       0.39545820746740590        721.32562372023222     
   11.500000000000000       0.40412872740319572        721.24819415251204     
   11.600000000000000       0.41230126080274243        720.84686929103646     
   11.699999999999999       0.42045674146396200        720.78475852371946     
   11.800000000000001       0.42869362081235451        719.32401057022685     
   11.900000000000000       0.43692997780822990        718.46430721881813     
   12.000000000000000       0.44268427345769035        707.88634869298266     
   12.100000000000000       0.44777977965218774        695.45759091125183     
   12.199999999999999       0.45185961059051377        680.62051137823983     
   12.300000000000001       0.45459769122200233        662.49438170539247     
   12.400000000000000       0.45710427476022020        644.96508409034709     
   12.500000000000000       0.45905079102705576        625.87136502611338     
   12.600000000000000       0.46108058496783089        607.88124813560944     
   12.699999999999999       0.46185101445162396        586.73912830701033     
   12.800000000000001       0.46134548674593168        562.48761726133876     
   12.900000000000000       0.46091461073290557        539.69860285003233     
   13.000000000000000       0.45846875367603940        513.27009726561437     
   13.100000000000000       0.45572045991618310        487.51779367502917     
   13.199999999999999       0.45288145672653557        462.94309867622940     
   13.300000000000001       0.44884076042818566        437.15107230870115     
   13.400000000000000       0.44488618566669469        412.88350601086154     
   13.500000000000000       0.44025822771086992        388.61994772968524     
   13.600000000000000       0.43325298542528434        361.33870326783563     
   13.699999999999999       0.42627438889638453        335.85315236732731     
   13.800000000000001       0.41878559191258941        311.41584151903749     
   13.900000000000000       0.40959810424899507        286.70955174913382     
   14.000000000000000       0.40038510954565670        263.70311000307220     
   14.100000000000000       0.39116406590700248        242.46250240581563     
   14.199999999999999       0.38205451009387620        223.97093573534084     
   14.300000000000001       0.37291793901767861        206.71431278848701     
   14.400000000000000       0.36375824074784507        190.62281770690393     
   14.500000000000000       0.35613863738261842        177.99927879757598     
   14.600000000000000       0.34865821396346708        166.60361496983714     
   14.699999999999999       0.34110720446609871        155.89687980771672     
   14.800000000000001       0.33470888172549501        146.65656834544185     
   14.900000000000000       0.32929299047716121        139.10171504742874     
   15.000000000000000       0.32373654680409408        131.96957961948402     
   15.100000000000000       0.31879307402026752        125.78499722450388     
   15.199999999999999       0.31434514578026101        120.42582331095544     
   15.300000000000001       0.31005055736919629        115.45693512287050     
   15.400000000000000       0.30576917182249341        110.73263781321968     
   15.500000000000000       0.30152571918909110        106.26073544776671     
   15.600000000000000       0.29864505925991780        103.09731815465061     
   15.699999999999999       0.29576930605280144        100.08195723674167     
   15.800000000000001       0.29290760577954578        97.203443628129577     
   15.900000000000000       0.29009587630325773        94.485221444093057     
   16.000000000000000       0.28816387352100997        92.516419124949621     
   16.100000000000001       0.28624959260007216        90.643220880481266     
   16.199999999999999       0.28435575924149631        88.855505593788962     
   16.300000000000001       0.28248346759215032        87.150257152985418     
   16.399999999999999       0.28200143580205272        86.373793248251602     
   16.500000000000000       0.28176753740801014        85.770569145681051     
   16.600000000000001       0.28156236189275591        85.211427375105785     
   16.699999999999999       0.28138461343581628        84.693546754903394     
   16.800000000000001       0.28168778238543402        84.426640899554073     
   16.899999999999999       0.28256198670979343        84.440129566495827     
   17.000000000000000       0.28347355811590269        84.471808773036216     
   17.100000000000001       0.28441894156684044        84.529772327208619     
   17.199999999999999       0.28540127975496993        84.604130266200585     
   17.300000000000001       0.28766291245798359        85.354668768076280     
   17.399999999999999       0.29028153707388404        86.274474825918361     
   17.500000000000000       0.29294225299593407        87.205148764360999     
   17.600000000000001       0.29564470435683959        88.143559460463564     
   17.699999999999999       0.29838936449003722        89.089482807985732     
   17.800000000000001       0.30205343170639548        90.321059138872229     
   17.899999999999999       0.30587686017658555        91.591406370833070     
   18.000000000000000       0.30973896563045833        92.861992487959398     
   18.100000000000001       0.31364008372338004        94.129076936770062     
   18.199999999999999       0.31757263037516648        95.398652516386122     
   18.300000000000001       0.32249761852430203        97.090528292556741     
   18.399999999999999       0.32795085444339722        98.983023358138652     
   18.500000000000000       0.33343896142812862        100.86774634263841     
   18.600000000000001       0.33893485431747994        102.76078292476042     
   18.699999999999999       0.34445323641738573        104.64874846768991     
   18.800000000000001       0.35003371891600138        106.51354358313985     
   18.899999999999999       0.35590464516436437        108.18865807455113     
   19.000000000000000       0.36177614825657239        109.85516672441831     
   19.100000000000001       0.36767450660155154        111.50513734179641     
   19.199999999999999       0.37350006813752590        113.16578801926551     
   19.300000000000001       0.37937063068033205        114.81047708073504     
   19.399999999999999       0.38535701577184450        116.44186233911626     
   19.500000000000000       0.39168261404055338        118.04081490117055     
   19.600000000000001       0.39801118470531366        119.61916658007827     
   19.699999999999999       0.40428355839293967        121.20098355355087     
   19.800000000000001       0.41055236250461558        122.77495022948466     
   19.899999999999999       0.41681093571762756        124.33629062612833     
   20.000000000000000       0.42303231624073051        125.89153960232329     
   20.100000000000001       0.42788821877701533        126.29128283766190     
   20.199999999999999       0.43271892713264742        126.67825637490513     
   20.300000000000001       0.43753732186089189        127.05628437003196     
   20.399999999999999       0.44176915145703455        127.20328918759640     
   20.500000000000000       0.44581222779615376        127.26534267549361     
   20.600000000000001       0.44982421174861881        127.32634795824490     
   20.699999999999999       0.45384731346216844        127.39885334249925     
   20.800000000000001       0.45792418312736738        127.48680020492735     
   20.899999999999999       0.46197496721433629        127.57540371086901     
   21.000000000000000       0.46602107776561408        127.65799704510736     
   21.100000000000001       0.46980576800219181        127.56213703052690     
   21.199999999999999       0.47355620990357822        127.43181888532065     
   21.300000000000001       0.47730054024228907        127.29921537115801     
   21.399999999999999       0.48090786276980974        127.10330453472216     
   21.500000000000000       0.48408921828179285        126.70677410008142     
   21.600000000000001       0.48727690470124757        126.30854478796397     
   21.699999999999999       0.49043903511152315        125.91672736498346     
   21.800000000000001       0.49376330950564751        125.63291868927780     
   21.899999999999999       0.49721034502708700        125.47590958678569     
   22.000000000000000       0.50067471947753062        125.30854525715689     
   22.100000000000001       0.50412346362684235        125.14541775011767     
   22.199999999999999       0.50757640201712662        124.92159441601441     
   22.300000000000001       0.51101676702546595        124.66552008537887     
   22.399999999999999       0.51444916420481945        124.40838737638379     
   22.500000000000000       0.51786844464850967        124.15529998725502     
   22.600000000000001       0.52071932032494073        123.57827032688682     
   22.699999999999999       0.52315887762392266        122.76528505306285     
   22.800000000000001       0.52559398275980262        121.96424374745544     
   22.899999999999999       0.52803180146794160        121.17348343862882     
   23.000000000000000       0.53044729747343311        120.44323976574796     
   23.100000000000001       0.53289163345053570        119.77995637069375     
   23.199999999999999       0.53533343837499225        119.12318851361528     
   23.300000000000001       0.53775516810990742        118.47511618764898     
   23.399999999999999       0.54018807507191124        117.84373015746343     
   23.500000000000000       0.54281205220102680        117.29676118676740     
   23.600000000000001       0.54540454911430125        116.75768263419459     
   23.699999999999999       0.54799020174191237        116.22544548594362     
   23.800000000000001       0.55055901252365158        115.70107113888974     
   23.899999999999999       0.55286918812129282        115.01457461610588     
   24.000000000000000       0.55490521329009168        114.22365291337687     
   24.100000000000001       0.55696627802839949        113.43693686956856     
   24.199999999999999       0.55901553734527831        112.66385078937276     
   24.300000000000001       0.56104291636143755        111.90171595511180     
   24.399999999999999       0.56335111791134540        111.31604172938086     
   24.500000000000000       0.56566952097154677        110.76140841799500     
   24.600000000000001       0.56798303894483393        110.20812207261267     
   24.699999999999999       0.57032698313350916        109.66197439773498     
   24.800000000000001       0.57259797448406957        109.12551731909474     
   24.899999999999999       0.57499737318553623        108.59299651994914     
   25.000000000000000       0.57500129545498102        106.95533460748831     
