   3.0000000000000000       0.72663944632513178        83765.545073435307     
   3.1000000000000001       0.72545039857642590        75714.071073531901     
   3.2000000000000002       0.72338797876710681        68052.883871182145     
   3.2999999999999998       0.72109705017790626        61273.327742643356     
   3.3999999999999999       0.71864629619444420        55291.462489384357     
   3.5000000000000000       0.71599733865366177        49967.880641511467     
   3.6000000000000001       0.71323694297123263        45255.407794819432     
   3.7000000000000002       0.71028512001437183        41042.173384199778     
   3.7999999999999998       0.70714325912375831        37269.112568011747     
   3.8999999999999999       0.70383068635532908        33888.165346612193     
   4.0000000000000000       0.70026532132009567        30827.031771545397     
   4.0999999999999996       0.69657910967899161        28085.449826930257     
   4.2000000000000002       0.69264944641179726        25592.389437807742     
   4.2999999999999998       0.68854679132974228        23337.975753021437     
   4.4000000000000004       0.68434954550683513        21309.177874641144     
   4.5000000000000000       0.67984820011077751        19441.065098189756     
   4.5999999999999996       0.67518712605610465        17742.563608986435     
   4.7000000000000002       0.67046301902525662        16209.310466487490     
   4.7999999999999998       0.66556868723260754        14808.161241275662     
   4.9000000000000004       0.66036894509490029        13510.476177229579     
   5.0000000000000000       0.65512000496426437        12337.117624855138     
   5.0999999999999996       0.64964528683858225        11256.677339281814     
   5.2000000000000002       0.64401469289087343        10268.155539957843     
   5.2999999999999998       0.63811975028044765        9354.1535651004997     
   5.4000000000000004       0.63219058439982634        8526.9656573383108     
   5.5000000000000000       0.62623395389034198        7777.6279887388737     
   5.5999999999999996       0.61993041339256216        7078.7084491640835     
   5.7000000000000002       0.61331976921206111        6430.9414032990107     
   5.7999999999999998       0.60649823720292906        5838.7630299549292     
   5.9000000000000004       0.59963333107601480        5303.5303361084461     
   6.0000000000000000       0.59238404401139211        4802.1888706355903     
   6.0999999999999996       0.58515109504890483        4348.0753697058990     
   6.2000000000000002       0.57791999975447705        3936.4134932854631     
   6.2999999999999998       0.56995958755355858        3544.0473399617367     
   6.4000000000000004       0.56170933429312353        3184.2828839764970     
   6.5000000000000000       0.55308366655158436        2852.3783870700768     
   6.5999999999999996       0.54373673360123820        2539.4730380111391     
   6.7000000000000002       0.53407706411734179        2254.8294289039991     
   6.7999999999999998       0.52297266350173244        1976.6360639378140     
   6.9000000000000004       0.51169968980774005        1729.6601933272545     
   7.0000000000000000       0.49836967554036438        1485.3223743373765     
   7.0999999999999996       0.48417241355648327        1264.3601667684511     
   7.2000000000000002       0.46742892760604038        1050.3130205874932     
   7.2999999999999998       0.45002593303338762        865.13712347589535     
   7.4000000000000004       0.42794596827006443        680.86856927528856     
   7.5000000000000000       0.40529287999208258        529.98705681533329     
   7.5999999999999996       0.37928956263970104        400.89652077491814     
   7.7000000000000002       0.35211952624541193        299.97540334895046     
   7.7999999999999998       0.32425579884471600        228.11876821969020     
   7.9000000000000004       0.29573700385431306        180.89697626737379     
   8.0000000000000000       0.26669960992440472        149.16669129399784     
   8.0999999999999996       0.24793826588460216        153.88795607299633     
   8.1999999999999993       0.22911424460689928        162.87039628077338     
   8.3000000000000007       0.21441355542138057        178.57409977981951     
   8.4000000000000004       0.20825669015144588        203.95102550524348     
   8.5000000000000000       0.20325997265324128        226.99891473627355     
   8.5999999999999996       0.19558770628358324        244.02756462732185     
   8.6999999999999993       0.18577541956625815        260.78266347576130     
   8.8000000000000007       0.17730334967171013        284.67131532982557     
   8.9000000000000004       0.17317607554139114        322.06594420819192     
   9.0000000000000000       0.17592743819311979        381.00241092380759     
   9.0999999999999996       0.18988784732273276        478.60261190493566     
   9.1999999999999993       0.21629863519170953        625.47613971997680     
   9.3000000000000007       0.25093136629821439        817.30151189712387     
   9.4000000000000004       0.29157546562844877        1052.1922804936155     
   9.5000000000000000       0.33599245119784593        1311.0202854835131     
   9.5999999999999996       0.37833313095714410        1570.5845226394715     
   9.6999999999999993       0.41703303463898056        1815.5489577598632     
   9.8000000000000007       0.44961358577991589        2020.3443850596377     
   9.9000000000000004       0.47775856938301764        2205.4897510735564     
   10.000000000000000       0.50280000212715359        2376.9749179013506     
   10.100000000000000       0.52608032624911560        2555.2375851572688     
   10.199999999999999       0.54991762224551644        2755.7264984067497     
   10.300000000000001       0.57509117661208498        2993.5546363413869     
   10.400000000000000       0.60155972449930706        3248.5592921648913     
   10.500000000000000       0.62745643021512110        3516.8930022878894     
   10.600000000000000       0.64920996171163725        3701.2592085547112     
   10.699999999999999       0.66874422806995382        3869.9314029885272     
   10.800000000000001       0.68242679978796528        3935.9522379424257     
   10.900000000000000       0.69506181796778344        3998.6954476346173     
   11.000000000000000       0.70584362028117498        4043.7348242267917     
   11.100000000000000       0.71597676373407104        4082.5192515888430     
   11.199999999999999       0.72522424407310182        4104.2450544323201     
   11.300000000000001       0.73353946823350979        4113.0751314549798     
   11.400000000000000       0.74012054327897403        4085.8324301523403     
   11.500000000000000       0.74645825555483547        4061.2723228859886     
   11.600000000000000       0.75229257720293374        4035.7620016382134     
   11.699999999999999       0.75800977348173126        4012.8740022373031     
   11.800000000000001       0.76368482990780207        3982.9231333853550     
   11.900000000000000       0.76925503263328054        3957.0580652832714     
   12.000000000000000       0.77297985963933347        3878.9301589297779     
   12.100000000000000       0.77621049855819346        3791.9221247242363     
   12.199999999999999       0.77871216007228317        3693.0872425013476     
   12.300000000000001       0.78027599855142848        3577.9055059903712     
   12.400000000000000       0.78169021969918540        3467.2317026452906     
   12.500000000000000       0.78272152997672351        3349.5614355228026     
   12.600000000000000       0.78381347301502835        3239.0168473097883     
   12.699999999999999       0.78406294845140212        3112.9607996305558     
   12.800000000000001       0.78345158051331465        2971.9145186886522     
   12.900000000000000       0.78289969958153893        2839.8314719358800     
   13.000000000000000       0.78097608056112200        2690.0786076100649     
   13.100000000000000       0.77883644285213460        2545.1811629606932     
   13.199999999999999       0.77662597596259852        2407.6729474944941     
   13.300000000000001       0.77356306022282117        2265.0799551022074     
   13.400000000000000       0.77052733968681808        2131.5454326334993     
   13.500000000000000       0.76698034959526662        1999.0885990973161     
   13.600000000000000       0.76165447313678925        1852.2897967289668     
   13.699999999999999       0.75625097898553340        1715.7746209979648     
   13.800000000000001       0.75035684677293601        1585.6290065610508     
   13.900000000000000       0.74301282333650065        1455.0590699222721     
   14.000000000000000       0.73546252555515756        1334.0328453975465     
   14.100000000000000       0.72771248138412703        1222.7250040487172     
   14.199999999999999       0.71985695163280572        1125.9710734687608     
   14.300000000000001       0.71177236677599309        1036.0711714916804     
   14.400000000000000       0.70345337334081059        952.56792720106546     
   14.500000000000000       0.69632668226895478        886.88134050760402     
   14.600000000000000       0.68919853931015906        827.71090045863855     
   14.699999999999999       0.68185488894753132        772.33604195585531     
   14.800000000000001       0.67540923330346203        724.53638240716373     
   14.900000000000000       0.66984233330190401        685.33644935467703     
   15.000000000000000       0.66406933079527752        648.43664759729359     
   15.100000000000000       0.65883289158499625        616.40042039738773     
   15.199999999999999       0.65403531011784977        588.57719797539892     
   15.300000000000001       0.64933455678460084        562.81855822935199     
   15.400000000000000       0.64458768145604162        538.42549668938670     
   15.500000000000000       0.63982178351009122        515.40401086957695     
   15.600000000000000       0.63649847952247574        498.82611046076210     
   15.699999999999999       0.63315692923320799        483.06756113434312     
   15.800000000000001       0.62980300794404076        468.06527993577754     
   15.900000000000000       0.62648324815140877        453.92505858884886     
   16.000000000000000       0.62413971721926254        443.44606756537701     
   16.100000000000001       0.62180701517032555        433.48181013014795     
   16.199999999999999       0.61948786949245749        423.98709287370752     
   16.300000000000001       0.61718278350357447        414.94025393705789     
   16.399999999999999       0.61648738127532066        410.35187919059871     
   16.500000000000000       0.61608534209376542        406.63135594375740     
   16.600000000000001       0.61571941263428731        403.13366929562176     
   16.699999999999999       0.61538867903300787        399.85514734048240     
   16.800000000000001       0.61562338154286733        397.78200828187715     
   16.899999999999999       0.61652823659962519        397.04929197967846     
   17.000000000000000       0.61747418163657708        396.42259677151230     
   17.100000000000001       0.61846019223275239        395.92337901013616     
   17.199999999999999       0.61948618529166655        395.51901811357828     
   17.300000000000001       0.62198573224812181        398.26391975614888     
   17.399999999999999       0.62487154734389405        401.81337246828195     
   17.500000000000000       0.62778210488751762        405.39612224128416     
   17.600000000000001       0.63071831588869953        409.01758354372635     
   17.699999999999999       0.63367884590741208        412.66928101605640     
   17.800000000000001       0.63762608339948312        417.63899851012519     
   17.899999999999999       0.64170046311351880        422.78315993190836     
   18.000000000000000       0.64576944554485227        427.91174488476992     
   18.100000000000001       0.64983152455682280        433.03032678558009     
   18.199999999999999       0.65387992690557939        438.14553038472741     
   18.300000000000001       0.65890710110343986        445.18434590585025     
   18.399999999999999       0.66439070527690913        453.13264751290751     
   18.500000000000000       0.66982126986310941        461.03466985148441     
   18.600000000000001       0.67517393203041087        468.95109414029776     
   18.699999999999999       0.68046110967284690        476.84154402614411     
   18.800000000000001       0.68572753345624571        484.60025232909106     
   18.899999999999999       0.69117506105709259        491.49141410614175     
   19.000000000000000       0.69653644184640051        498.32905521372868     
   19.100000000000001       0.70182700660159414        505.10040165582973     
   19.199999999999999       0.70697604840069961        511.89211635739184     
   19.300000000000001       0.71207435743482683        518.61343245377157     
   19.399999999999999       0.71719376978419214        525.25840291580664     
   19.500000000000000       0.72251440155476820        531.74559720398008     
   19.600000000000001       0.72774187033977022        538.14730901067082     
   19.699999999999999       0.73284073222869217        544.54426766517895     
   19.800000000000001       0.73785171864837984        550.91085383446273     
   19.899999999999999       0.74276762110638828        557.21774470042783     
   20.000000000000000       0.74757883337862963        563.47689517236995     
   20.100000000000001       0.75127025298356365        564.56879394352063     
   20.199999999999999       0.75489946357915005        565.60638942216826     
   20.300000000000001       0.75847149626973476        566.62788140833015     
   20.399999999999999       0.76157001734978524        566.61974697282199     
   20.500000000000000       0.76449791586551408        566.24634075587664     
   20.600000000000001       0.76737328433734830        565.87631067281677     
   20.699999999999999       0.77023131103486442        565.56160157012835     
   20.800000000000001       0.77309568401809525        565.32729533454255     
   20.899999999999999       0.77591691347517855        565.10085434197140     
   21.000000000000000       0.77870501900769196        564.85844361042291     
   21.100000000000001       0.78128784269519902        563.82784977165079     
   21.199999999999999       0.78382283247250750        562.66755994480877     
   21.300000000000001       0.78632831070741760        561.51167587692328     
   21.399999999999999       0.78872144121045606        560.08666778742952     
   21.500000000000000       0.79081496575795129        557.76935197702380     
   21.600000000000001       0.79289556766520630        555.46950815700757     
   21.699999999999999       0.79494344605765510        553.20270338641592     
   21.800000000000001       0.79707945607004738        551.43113388486552     
   21.899999999999999       0.79928518692839035        550.20891955469915     
   22.000000000000000       0.80147412762466541        548.97441586440812     
   22.100000000000001       0.80364229491341010        547.74404149912118     
   22.199999999999999       0.80579158343045776        546.27571051783366     
   22.300000000000001       0.80792179051792823        544.65349465657050     
   22.399999999999999       0.81002644348965869        543.05132168854925     
   22.500000000000000       0.81210644938283105        541.47123297681674     
   22.600000000000001       0.81382790777050928        538.48552163088596     
   22.699999999999999       0.81528747471498353        534.49145124874531     
   22.800000000000001       0.81673627425244921        530.56167373887718     
   22.899999999999999       0.81817953870758509        526.68243367374623     
   23.000000000000000       0.81960711983422696        523.05846605098259     
   23.100000000000001       0.82103768188971871        519.75596252579544     
   23.199999999999999       0.82245914423729161        516.49931118412962     
   23.300000000000001       0.82386235426293219        513.29216724155549     
   23.399999999999999       0.82526783368143586        510.14037835731324     
   23.500000000000000       0.82677232306464354        507.38873193125619     
   23.600000000000001       0.82825034301600065        504.67486429883502     
   23.699999999999999       0.82971845354793961        501.99414177768102     
   23.800000000000001       0.83116845495859915        499.34218542702871     
   23.899999999999999       0.83246129510793743        496.02491633083747     
   24.000000000000000       0.83359942113067287        492.24618629413845     
   24.100000000000001       0.83474062094540746        488.51354045426325     
   24.199999999999999       0.83587477710285618        484.83010272422064     
   24.300000000000001       0.83699047183156294        481.20619347728615     
   24.399999999999999       0.83825360403669091        478.37123330673097     
   24.500000000000000       0.83951959006358456        475.64952984768041     
   24.600000000000001       0.84077281603096865        472.96582448722614     
   24.699999999999999       0.84203813290671814        470.29670569572409     
   24.800000000000001       0.84325911859002256        467.68521185304962     
   24.899999999999999       0.84454051239470784        465.10528515588959     
   25.000000000000000       0.84453446148785327        457.79561456682723     
