 3.00000000e+00 1.25560595e+00 -4.21708608e-01 1.66839240e+00 -3.82721577e-02
 3.10000000e+00 1.52011431e+00 -3.57628253e-01 1.66839240e+00 -3.82721577e-02
 3.20000000e+00 1.59356704e+00 -1.43492326e-01 1.66649216e+00 -3.88115816e-02
 3.30000000e+00 1.50997076e+00 -2.42092287e-02 1.66452114e+00 -3.93165145e-02
 3.40000000e+00 1.44698781e+00 -4.00000000e-03 1.66243098e+00 -3.97633775e-02
 3.50000000e+00 1.41521945e+00 -3.00000000e-03 1.66010894e+00 -4.01317463e-02
 3.60000000e+00 1.39765735e+00 -2.00000000e-03 1.65778342e+00 -4.04989344e-02
 3.70000000e+00 1.38418299e+00 -1.00000000e-03 1.65529388e+00 -4.08504523e-02
 3.80000000e+00 1.37488069e+00 -2.00000000e-03 1.65266128e+00 -4.11883020e-02
 3.90000000e+00 1.36713054e+00 -3.00000000e-03 1.64992997e+00 -4.15229268e-02
 4.00000000e+00 1.36000000e+00 -4.00000000e-03 1.64691022e+00 -4.18481301e-02
 4.10000000e+00 1.35492546e+00 -6.00000000e-03 1.64389048e+00 -4.21733333e-02
 4.20000000e+00 1.35000000e+00 -6.60281309e-03 1.64057805e+00 -4.24347967e-02
 4.30000000e+00 1.34700000e+00 -9.78107184e-03 1.63712276e+00 -4.26651491e-02
 4.40000000e+00 1.34436797e+00 -1.26320345e-02 1.63366748e+00 -4.28955014e-02
 4.50000000e+00 1.34500000e+00 -1.50000000e-02 1.62974066e+00 -4.31629265e-02
 4.60000000e+00 1.34800000e+00 -1.45610082e-02 1.62563046e+00 -4.34447688e-02
 4.70000000e+00 1.34856707e+00 -1.10000000e-02 1.62152026e+00 -4.37266111e-02
 4.80000000e+00 1.34582305e+00 -6.82305039e-03 1.61717663e+00 -4.40356129e-02
 4.90000000e+00 1.34231462e+00 -4.00000000e-03 1.61232266e+00 -4.44039945e-02
 5.00000000e+00 1.33802574e+00 -2.02573846e-03 1.60746633e+00 -4.47728255e-02
 5.10000000e+00 1.33293413e+00 -1.00000000e-03 1.60224565e+00 -4.52108824e-02
 5.20000000e+00 1.32804914e+00 -1.00000000e-03 1.59679593e+00 -4.56984321e-02
 5.30000000e+00 1.32270119e+00 -1.00000000e-03 1.59090163e+00 -4.62820557e-02
 5.40000000e+00 1.31665103e+00 -2.00000000e-03 1.58500732e+00 -4.68656794e-02
 5.50000000e+00 1.30945323e+00 -3.54676675e-03 1.57911301e+00 -4.74493031e-02
 5.60000000e+00 1.30049883e+00 -6.75058597e-03 1.57263332e+00 -4.81467498e-02
 5.70000000e+00 1.28857358e+00 -1.36176121e-02 1.56567112e+00 -4.89300429e-02
 5.80000000e+00 1.27826554e+00 -3.51412513e-02 1.55847939e+00 -4.97535513e-02
 5.90000000e+00 1.28609819e+00 -6.10981905e-02 1.55128767e+00 -5.05770597e-02
 6.00000000e+00 1.30991529e+00 -7.53661174e-02 1.54339024e+00 -5.14847967e-02
 6.10000000e+00 1.33632348e+00 -7.13970969e-02 1.53546341e+00 -5.23960434e-02
 6.20000000e+00 1.34469439e+00 -5.05415867e-02 1.52752803e+00 -5.33058885e-02
 6.30000000e+00 1.34153388e+00 -4.15338812e-02 1.51853172e+00 -5.40419505e-02
 6.40000000e+00 1.34064320e+00 -3.76432000e-02 1.50917342e+00 -5.47025889e-02
 6.50000000e+00 1.33920361e+00 -3.42036064e-02 1.49931208e+00 -5.52584101e-02
 6.60000000e+00 1.33737374e+00 -3.13737428e-02 1.48843313e+00 -5.57000242e-02
 6.70000000e+00 1.33700000e+00 -2.90000000e-02 1.47720635e+00 -5.61026006e-02
 6.80000000e+00 1.33540233e+00 -2.70000000e-02 1.46395547e+00 -5.63680753e-02
 6.90000000e+00 1.33300000e+00 -2.56473657e-02 1.45066668e+00 -5.66309829e-02
 7.00000000e+00 1.33295755e+00 -2.40000000e-02 1.43460860e+00 -5.71156613e-02
 7.10000000e+00 1.33000000e+00 -2.26415104e-02 1.41763632e+00 -5.78184365e-02
 7.20000000e+00 1.32881757e+00 -2.08175686e-02 1.39748055e+00 -5.95844664e-02
 7.30000000e+00 1.32671107e+00 -2.00000000e-02 1.37690939e+00 -6.16131290e-02
 7.40000000e+00 1.32590993e+00 -1.89549673e-02 1.35066564e+00 -6.72283866e-02
 7.50000000e+00 1.32361609e+00 -1.72321727e-02 1.32442189e+00 -7.28436442e-02
 7.60000000e+00 1.32103843e+00 -1.53461435e-02 1.29464238e+00 -8.62704519e-02
 7.70000000e+00 1.31913071e+00 -1.41307095e-02 1.26427857e+00 -1.00988171e-01
 7.80000000e+00 1.31696789e+00 -1.20000000e-02 1.23379225e+00 -1.22032755e-01
 7.90000000e+00 1.31374753e+00 -1.10000000e-02 1.20318821e+00 -1.49156335e-01
 8.00000000e+00 1.31081910e+00 -1.06381964e-02 1.17270183e+00 -1.76420724e-01
 8.10000000e+00 1.30844487e+00 -8.00000000e-03 1.15349933e+00 -2.17188524e-01
 8.20000000e+00 1.30387242e+00 -8.00000000e-03 1.13429684e+00 -2.57956323e-01
 8.30000000e+00 1.30092753e+00 -6.00000000e-03 1.11948257e+00 -2.98312541e-01
 8.40000000e+00 1.29720278e+00 -4.20278047e-03 1.11343170e+00 -3.36773781e-01
 8.50000000e+00 1.29284966e+00 -4.00000000e-03 1.10848028e+00 -3.71327092e-01
 8.60000000e+00 1.28951993e+00 -3.03985143e-03 1.10068010e+00 -4.04393071e-01
 8.70000000e+00 1.28435093e+00 -2.00000000e-03 1.09032619e+00 -4.41097008e-01
 8.80000000e+00 1.28017344e+00 -2.00000000e-03 1.08064103e+00 -4.83337681e-01
 8.90000000e+00 1.27587406e+00 -2.00000000e-03 1.07423614e+00 -5.31028831e-01
 9.00000000e+00 1.27028260e+00 0.00000000e+00 1.07310546e+00 -5.83319117e-01
 9.10000000e+00 1.26470549e+00 0.00000000e+00 1.08087101e+00 -6.39025207e-01
 9.20000000e+00 1.25873680e+00 0.00000000e+00 1.09900112e+00 -6.93811599e-01
 9.30000000e+00 1.25270616e+00 0.00000000e+00 1.12432713e+00 -7.45386306e-01
 9.40000000e+00 1.24551392e+00 0.00000000e+00 1.15587286e+00 -7.92877897e-01
 9.50000000e+00 1.23819597e+00 0.00000000e+00 1.19400356e+00 -8.31077796e-01
 9.60000000e+00 1.22988984e+00 0.00000000e+00 1.23323389e+00 -8.62634975e-01
 9.70000000e+00 1.21978916e+00 0.00000000e+00 1.27220976e+00 -8.87739837e-01
 9.80000000e+00 1.20945930e+00 0.00000000e+00 1.30791707e+00 -9.06211382e-01
 9.90000000e+00 1.20028915e+00 -3.27108455e-03 1.34030850e+00 -9.23240224e-01
 1.00000000e+01 1.18833964e+00 -5.16509091e-03 1.37046675e+00 -9.39336892e-01
 1.01000000e+01 1.17543682e+00 -8.60814109e-03 1.39889699e+00 -9.57700628e-01
 1.02000000e+01 1.16158853e+00 -1.50265239e-02 1.42936745e+00 -9.77100602e-01
 1.03000000e+01 1.14742088e+00 -2.44656793e-02 1.46325574e+00 -9.98236510e-01
 1.04000000e+01 1.13391980e+00 -3.40802022e-02 1.50353353e+00 -1.01470763e+00
 1.05000000e+01 1.12019504e+00 -4.78049630e-02 1.54681814e+00 -1.02898355e+00
 1.06000000e+01 1.10685817e+00 -6.39077891e-02 1.59040298e+00 -1.03000000e+00
 1.07000000e+01 1.09653040e+00 -8.12075471e-02 1.63293772e+00 -1.02912495e+00
 1.08000000e+01 1.08887384e+00 -1.01378469e-01 1.66738921e+00 -1.02165868e+00
 1.09000000e+01 1.08288014e+00 -1.21319338e-01 1.70070528e+00 -1.01450409e+00
 1.10000000e+01 1.07891144e+00 -1.42257086e-01 1.73046688e+00 -1.00832521e+00
 1.11000000e+01 1.07700000e+00 -1.63527229e-01 1.76001963e+00 -1.00110836e+00
 1.12000000e+01 1.07747095e+00 -1.84418971e-01 1.78908506e+00 -9.91469568e-01
 1.13000000e+01 1.07998831e+00 -2.05438632e-01 1.81673715e+00 -9.81048838e-01
 1.14000000e+01 1.08399471e+00 -2.26472211e-01 1.84088318e+00 -9.68688373e-01
 1.15000000e+01 1.08986260e+00 -2.47139324e-01 1.86465983e+00 -9.56630102e-01
 1.16000000e+01 1.09810722e+00 -2.67583523e-01 1.88695900e+00 -9.45780609e-01
 1.17000000e+01 1.10754614e+00 -2.86439140e-01 1.90931168e+00 -9.34790620e-01
 1.18000000e+01 1.11895696e+00 -3.04081377e-01 1.93318472e+00 -9.19808847e-01
 1.19000000e+01 1.13218755e+00 -3.20908382e-01 1.95705775e+00 -9.04827074e-01
 1.20000000e+01 1.14579908e+00 -3.34172287e-01 1.97656615e+00 -8.85186336e-01
 1.21000000e+01 1.15928322e+00 -3.48998056e-01 1.99487631e+00 -8.64266550e-01
 1.22000000e+01 1.17512231e+00 -3.61317349e-01 2.01057250e+00 -8.43486805e-01
 1.23000000e+01 1.19149850e+00 -3.70157107e-01 2.02277810e+00 -8.23137537e-01
 1.24000000e+01 1.20699711e+00 -3.81331087e-01 2.03416441e+00 -8.03561700e-01
 1.25000000e+01 1.22257767e+00 -3.89024526e-01 2.04443987e+00 -7.82417962e-01
 1.26000000e+01 1.23890726e+00 -3.95289171e-01 2.05471533e+00 -7.61274224e-01
 1.27000000e+01 1.25579250e+00 -4.02418876e-01 2.06221133e+00 -7.38827378e-01
 1.28000000e+01 1.27157666e+00 -4.04786498e-01 2.06676420e+00 -7.15000691e-01
 1.29000000e+01 1.28868748e+00 -4.09278404e-01 2.07131707e+00 -6.91174003e-01
 1.30000000e+01 1.30571420e+00 -4.11000000e-01 2.07045336e+00 -6.69256902e-01
 1.31000000e+01 1.32200410e+00 -4.11000000e-01 2.06863379e+00 -6.47676786e-01
 1.32000000e+01 1.33705921e+00 -4.11003116e-01 2.06646587e+00 -6.26191982e-01
 1.33000000e+01 1.35107786e+00 -4.11740940e-01 2.06123447e+00 -6.05545381e-01
 1.34000000e+01 1.36678773e+00 -4.10123873e-01 2.05600307e+00 -5.84898779e-01
 1.35000000e+01 1.38219460e+00 -4.07060412e-01 2.04902070e+00 -5.64607533e-01
 1.36000000e+01 1.39423029e+00 -4.03520504e-01 2.03633204e+00 -5.45474369e-01
 1.37000000e+01 1.40709009e+00 -3.99497865e-01 2.02364338e+00 -5.26341205e-01
 1.38000000e+01 1.41951775e+00 -3.94874001e-01 2.00945434e+00 -5.08940758e-01
 1.39000000e+01 1.43105340e+00 -3.89445458e-01 1.99051410e+00 -4.97027251e-01
 1.40000000e+01 1.44236466e+00 -3.83512829e-01 1.97157386e+00 -4.85113744e-01
 1.41000000e+01 1.45302011e+00 -3.77319924e-01 1.95251900e+00 -4.74187001e-01
 1.42000000e+01 1.46276954e+00 -3.70820304e-01 1.93252816e+00 -4.71318086e-01
 1.43000000e+01 1.47233453e+00 -3.63888010e-01 1.91253731e+00 -4.68449171e-01
 1.44000000e+01 1.48162267e+00 -3.56377332e-01 1.89254647e+00 -4.65580256e-01
 1.45000000e+01 1.49033027e+00 -3.47669725e-01 1.87510746e+00 -4.68471538e-01
 1.46000000e+01 1.48675602e+00 -3.43334939e-01 1.85818151e+00 -4.72520946e-01
 1.47000000e+01 1.47852734e+00 -3.40507816e-01 1.84125557e+00 -4.76570355e-01
 1.48000000e+01 1.49761256e+00 -3.22694944e-01 1.82580077e+00 -4.81657974e-01
 1.49000000e+01 1.50879549e+00 -3.10348371e-01 1.81255269e+00 -4.88302909e-01
 1.50000000e+01 1.51054100e+00 -3.04530000e-01 1.79931352e+00 -4.94952485e-01
 1.51000000e+01 1.51351416e+00 -3.00066810e-01 1.78730225e+00 -5.02242081e-01
 1.52000000e+01 1.51692533e+00 -2.96087120e-01 1.77615926e+00 -5.10726455e-01
 1.53000000e+01 1.52134571e+00 -2.90567866e-01 1.76523333e+00 -5.19509524e-01
 1.54000000e+01 1.52557016e+00 -2.84764643e-01 1.75430741e+00 -5.28292593e-01
 1.55000000e+01 1.52878216e+00 -2.77805323e-01 1.74343542e+00 -5.37114908e-01
 1.56000000e+01 1.53165537e+00 -2.71197736e-01 1.73520652e+00 -5.47860290e-01
 1.57000000e+01 1.53377279e+00 -2.65374828e-01 1.72697762e+00 -5.58605672e-01
 1.58000000e+01 1.53521722e+00 -2.59393399e-01 1.71874872e+00 -5.69351054e-01
 1.59000000e+01 1.53573388e+00 -2.53193439e-01 1.71060069e+00 -5.80155549e-01
 1.60000000e+01 1.53624446e+00 -2.47799830e-01 1.70412208e+00 -5.92180411e-01
 1.61000000e+01 1.53674859e+00 -2.43262702e-01 1.69764348e+00 -6.04205274e-01
 1.62000000e+01 1.53724651e+00 -2.39027952e-01 1.69116488e+00 -6.16230136e-01
 1.63000000e+01 1.53773825e+00 -2.35094022e-01 1.68468627e+00 -6.28254999e-01
 1.64000000e+01 1.53822427e+00 -2.30757314e-01 1.68090250e+00 -6.41724926e-01
 1.65000000e+01 1.53870378e+00 -2.25962201e-01 1.67754581e+00 -6.55423867e-01
 1.66000000e+01 1.53917868e+00 -2.21749274e-01 1.67418911e+00 -6.69122807e-01
 1.67000000e+01 1.53964611e+00 -2.18477227e-01 1.67083242e+00 -6.82821748e-01
 1.68000000e+01 1.53978157e+00 -2.15017086e-01 1.66847312e+00 -6.96495688e-01
 1.69000000e+01 1.53888238e+00 -2.10970714e-01 1.66731286e+00 -7.10139572e-01
 1.70000000e+01 1.53800829e+00 -2.06950234e-01 1.66615259e+00 -7.23783455e-01
 1.71000000e+01 1.53845189e+00 -2.04288673e-01 1.66499232e+00 -7.37427339e-01
 1.72000000e+01 1.53889548e+00 -2.01627113e-01 1.66383205e+00 -7.51071223e-01
 1.73000000e+01 1.53866980e+00 -1.99018808e-01 1.66520976e+00 -7.65523577e-01
 1.74000000e+01 1.53823782e+00 -1.96426919e-01 1.66722195e+00 -7.80178049e-01
 1.75000000e+01 1.53800000e+00 -1.94054942e-01 1.66923415e+00 -7.94832520e-01
 1.76000000e+01 1.53800000e+00 -1.91952324e-01 1.67124634e+00 -8.09486992e-01
 1.77000000e+01 1.53797075e+00 -1.89882997e-01 1.67325854e+00 -8.24141463e-01
 1.78000000e+01 1.53756153e+00 -1.88246119e-01 1.67755421e+00 -8.37606531e-01
 1.79000000e+01 1.53715231e+00 -1.86609242e-01 1.68216127e+00 -8.50909406e-01
 1.80000000e+01 1.53700000e+00 -1.84500545e-01 1.68676832e+00 -8.64212282e-01
 1.81000000e+01 1.53700000e+00 -1.82112129e-01 1.69137538e+00 -8.77515157e-01
 1.82000000e+01 1.53700000e+00 -1.80000000e-01 1.69598244e+00 -8.90818033e-01
 1.83000000e+01 1.53700000e+00 -1.80000000e-01 1.70282819e+00 -9.03841627e-01
 1.84000000e+01 1.53826016e+00 -1.78959360e-01 1.71077361e+00 -9.16728039e-01
 1.85000000e+01 1.53823249e+00 -1.76000000e-01 1.71871902e+00 -9.29614450e-01
 1.86000000e+01 1.53870306e+00 -1.75109177e-01 1.72666444e+00 -9.42500862e-01
 1.87000000e+01 1.53800000e+00 -1.73769659e-01 1.73460985e+00 -9.55387273e-01
 1.88000000e+01 1.53925464e+00 -1.73490720e-01 1.74282666e+00 -9.67777119e-01
 1.89000000e+01 1.54069894e+00 -1.72000000e-01 1.75263859e+00 -9.77248365e-01
 1.90000000e+01 1.54129825e+00 -1.69850875e-01 1.76245053e+00 -9.86719610e-01
 1.91000000e+01 1.54240098e+00 -1.66004906e-01 1.77226247e+00 -9.96190856e-01
 1.92000000e+01 1.54101673e+00 -1.66949811e-01 1.78207441e+00 -1.00566210e+00
 1.93000000e+01 1.54240190e+00 -1.65401899e-01 1.79188635e+00 -1.01513335e+00
 1.94000000e+01 1.54376735e+00 -1.64465300e-01 1.80226156e+00 -1.02388251e+00
 1.95000000e+01 1.54600000e+00 -1.63413465e-01 1.81412179e+00 -1.03072801e+00
 1.96000000e+01 1.54600000e+00 -1.60000000e-01 1.82598201e+00 -1.03757351e+00
 1.97000000e+01 1.54600000e+00 -1.59165892e-01 1.83784224e+00 -1.04441901e+00
 1.98000000e+01 1.54836676e+00 -1.58000000e-01 1.84970246e+00 -1.05126451e+00
 1.99000000e+01 1.55049272e+00 -1.56029105e-01 1.86156268e+00 -1.05811001e+00
 2.00000000e+01 1.55100000e+00 -1.54000000e-01 1.87342291e+00 -1.06495550e+00
 2.01000000e+01 1.55309344e+00 -1.51813121e-01 1.88393695e+00 -1.06714248e+00
 2.02000000e+01 1.55434150e+00 -1.48975495e-01 1.89444219e+00 -1.06929898e+00
 2.03000000e+01 1.55500000e+00 -1.45750056e-01 1.90494743e+00 -1.07145548e+00
 2.04000000e+01 1.55589644e+00 -1.43207116e-01 1.91391100e+00 -1.07420664e+00
 2.05000000e+01 1.55700000e+00 -1.39795326e-01 1.92235380e+00 -1.07715867e+00
 2.06000000e+01 1.55700000e+00 -1.37303771e-01 1.93079661e+00 -1.08011070e+00
 2.07000000e+01 1.55700000e+00 -1.34893833e-01 1.93932471e+00 -1.08302787e+00
 2.08000000e+01 1.55700000e+00 -1.31743096e-01 1.94800448e+00 -1.08588305e+00
 2.09000000e+01 1.55700000e+00 -1.29072803e-01 1.95668424e+00 -1.08873824e+00
 2.10000000e+01 1.55700000e+00 -1.25845787e-01 1.96536400e+00 -1.09159342e+00
 2.11000000e+01 1.55700000e+00 -1.24108278e-01 1.97381945e+00 -1.09365692e+00
 2.12000000e+01 1.55747367e+00 -1.21526327e-01 1.98223766e+00 -1.09558897e+00
 2.13000000e+01 1.55739280e+00 -1.18571197e-01 1.99065586e+00 -1.09752102e+00
 2.14000000e+01 1.55700000e+00 -1.15517050e-01 1.99878201e+00 -1.09943770e+00
 2.15000000e+01 1.55700000e+00 -1.13228486e-01 2.00595477e+00 -1.10130422e+00
 2.16000000e+01 1.55600000e+00 -1.09963120e-01 2.01312753e+00 -1.10317073e+00
 2.17000000e+01 1.55591060e+00 -1.07731789e-01 2.02030029e+00 -1.10503725e+00
 2.18000000e+01 1.55500000e+00 -1.04798351e-01 2.02773977e+00 -1.10724659e+00
 2.19000000e+01 1.55471140e+00 -1.03422806e-01 2.03546336e+00 -1.10982112e+00
 2.20000000e+01 1.55365645e+00 -1.00969339e-01 2.04318696e+00 -1.11239565e+00
 2.21000000e+01 1.55300000e+00 -9.81480419e-02 2.05091056e+00 -1.11497019e+00
 2.22000000e+01 1.55250129e+00 -9.60025832e-02 2.05906769e+00 -1.11659620e+00
 2.23000000e+01 1.55146636e+00 -9.39327125e-02 2.06751385e+00 -1.11758986e+00
 2.24000000e+01 1.55043714e+00 -9.18742737e-02 2.07596000e+00 -1.11858353e+00
 2.25000000e+01 1.55000000e+00 -8.97856632e-02 2.08440616e+00 -1.11957720e+00
 2.26000000e+01 1.54939001e+00 -8.77800246e-02 2.09171577e+00 -1.11986238e+00
 2.27000000e+01 1.54838451e+00 -8.57690229e-02 2.09818361e+00 -1.11962283e+00
 2.28000000e+01 1.54800000e+00 -8.37351604e-02 2.10465146e+00 -1.11938328e+00
 2.29000000e+01 1.54739170e+00 -8.11751046e-02 2.11111930e+00 -1.11914373e+00
 2.30000000e+01 1.54641296e+00 -7.94129579e-02 2.11740068e+00 -1.11946167e+00
 2.31000000e+01 1.54542235e+00 -7.72670516e-02 2.12340239e+00 -1.12061584e+00
 2.32000000e+01 1.54388057e+00 -7.48805743e-02 2.12940410e+00 -1.12177002e+00
 2.33000000e+01 1.54249344e+00 -7.29868788e-02 2.13540581e+00 -1.12292419e+00
 2.34000000e+01 1.54155396e+00 -7.06618667e-02 2.14145280e+00 -1.12406037e+00
 2.35000000e+01 1.54059682e+00 -6.85968200e-02 2.14812139e+00 -1.12494952e+00
 2.36000000e+01 1.53933092e+00 -6.73309184e-02 2.15478998e+00 -1.12583866e+00
 2.37000000e+01 1.53775921e+00 -6.57592084e-02 2.16145858e+00 -1.12672781e+00
 2.38000000e+01 1.53665190e+00 -6.44778516e-02 2.16812717e+00 -1.12761696e+00
 2.39000000e+01 1.53490043e+00 -6.19004306e-02 2.17416554e+00 -1.12812175e+00
 2.40000000e+01 1.53398341e+00 -6.09668240e-02 2.17972691e+00 -1.12833565e+00
 2.41000000e+01 1.53311938e+00 -5.92387691e-02 2.18528829e+00 -1.12854955e+00
 2.42000000e+01 1.53222350e+00 -5.74470029e-02 2.19084967e+00 -1.12876345e+00
 2.43000000e+01 1.53132872e+00 -5.63287192e-02 2.19641105e+00 -1.12897735e+00
 2.44000000e+01 1.53046925e+00 -5.44077434e-02 2.20233286e+00 -1.13010335e+00
 2.45000000e+01 1.52922670e+00 -5.26133500e-02 2.20829736e+00 -1.13133739e+00
 2.46000000e+01 1.52773988e+00 -5.09595326e-02 2.21426186e+00 -1.13257142e+00
 2.47000000e+01 1.52674662e+00 -4.78733103e-02 2.22022636e+00 -1.13380545e+00
 2.48000000e+01 1.52502729e+00 -4.70136455e-02 2.22620803e+00 -1.13501600e+00
 2.49000000e+01 1.52340804e+00 -4.46120576e-02 2.23270901e+00 -1.13551608e+00
 2.50000000e+01 1.52173905e+00 -4.27390526e-02 2.23270901e+00 -1.13551608e+00
   3.0000000000000000       0.15847396382854353        2.6678560435496141     
   3.0000000000000000       0.12098409698342920        2.2174949550220493     
   3.0000000000000000       8.21689121021838831E-002   1.5278061156307778     
   3.0000000000000000       4.18895770656698696E-002  0.78239101829350499     
   3.0000000000000000       1.13907770239878459E-002  0.21290370039406170     
   3.0000000000000000       5.14294209266990404E-003  9.61271100934304457E-002
