391.6 1.512 0.034
393.5 1.514 0.036
395.4 1.517 0.037
397.4 1.519 0.039
399.3 1.521 0.042
401.2 1.523 0.044
403.2 1.525 0.047
405.1 1.527 0.048
407.0 1.528 0.052
408.9 1.530 0.053
410.9 1.531 0.056
412.8 1.532 0.057
414.7 1.533 0.059
416.7 1.534 0.061
418.6 1.535 0.062
420.5 1.537 0.065
422.4 1.538 0.066
424.4 1.540 0.068
426.3 1.541 0.069
428.2 1.542 0.072
430.2 1.543 0.074
432.1 1.545 0.076
434.0 1.546 0.079
435.9 1.547 0.080
437.9 1.548 0.083
439.8 1.548 0.085
441.7 1.549 0.087
443.7 1.550 0.089
445.6 1.550 0.091
447.5 1.551 0.093
449.5 1.552 0.095
451.4 1.553 0.097
453.3 1.553 0.099
455.2 1.554 0.102
457.2 1.555 0.104
459.1 1.555 0.105
461.0 1.556 0.108
463.0 1.556 0.110
464.9 1.557 0.113
466.8 1.557 0.115
468.7 1.557 0.117
470.7 1.558 0.121
472.6 1.557 0.122
474.5 1.557 0.125
476.5 1.557 0.126
478.4 1.557 0.129
480.3 1.557 0.131
482.2 1.557 0.134
484.2 1.557 0.136
486.1 1.557 0.138
488.0 1.557 0.140
490.0 1.556 0.143
491.9 1.555 0.145
493.8 1.555 0.147
495.7 1.554 0.150
497.7 1.553 0.152
499.6 1.551 0.154
501.5 1.551 0.154
503.5 1.550 0.158
505.4 1.548 0.158
507.3 1.546 0.159
509.2 1.546 0.160
511.2 1.546 0.160
513.1 1.546 0.164
515.0 1.544 0.164
517.0 1.543 0.166
518.9 1.542 0.165
520.8 1.541 0.167
522.8 1.542 0.164
524.7 1.543 0.169
526.6 1.541 0.170
528.5 1.541 0.172
530.5 1.540 0.172
532.4 1.539 0.174
534.3 1.538 0.174
536.3 1.538 0.173
538.2 1.539 0.176
540.1 1.538 0.176
542.0 1.539 0.176
544.0 1.538 0.180
545.9 1.537 0.180
547.8 1.537 0.180
549.8 1.537 0.180
557.5 1.537 0.186
565.2 1.538 0.190
572.9 1.538 0.195
580.6 1.539 0.201
588.3 1.538 0.207
596.1 1.540 0.216
603.8 1.539 0.223
611.5 1.538 0.233
619.2 1.537 0.241
626.9 1.536 0.250
634.6 1.535 0.262
642.3 1.531 0.273
650.1 1.525 0.286
657.8 1.517 0.296
665.5 1.511 0.303
673.2 1.508 0.313
680.4 1.478 0.341
688.2 1.493 0.345
695.9 1.479 0.359
703.6 1.464 0.370
711.3 1.449 0.380
719.0 1.432 0.389
726.7 1.415 0.397
734.5 1.396 0.403
742.2 1.379 0.408
749.9 1.356 0.412
757.6 1.337 0.411
765.3 1.317 0.411
773.0 1.295 0.411
780.7 1.273 0.405
788.5 1.253 0.402
796.2 1.232 0.392
803.9 1.213 0.386
811.6 1.195 0.372
819.3 1.176 0.362
827.0 1.158 0.348
834.8 1.143 0.331
842.5 1.128 0.317
850.2 1.114 0.297
857.9 1.103 0.279
865.6 1.094 0.258
873.3 1.086 0.237
881.1 1.082 0.216
888.8 1.078 0.195
896.5 1.077 0.175
904.2 1.077 0.155
911.9 1.080 0.135
919.6 1.084 0.116
927.4 1.090 0.098
935.1 1.097 0.080
942.8 1.106 0.065
950.5 1.117 0.051
958.2 1.130 0.038
965.9 1.139 0.029
973.6 1.152 0.022
981.4 1.163 0.014
989.1 1.174 0.009
996.8 1.185 0.006
1004.5 1.193 0.004
1012.2 1.203 0.003
1019.9 1.209 0.000
1027.7 1.216 0.000
1035.4 1.225 0.000
1043.1 1.231 0.000
1050.8 1.237 0.000
1058.5 1.242 0.000
1066.1 1.247 0.000
1073.9 1.252 0.000
1081.7 1.256 0.000
1089.4 1.260 0.000
1097.1 1.264 0.000
1104.8 1.267 0.000
1112.5 1.271 0.000
1120.2 1.275 0.002
1128.0 1.277 0.002
1135.7 1.280 0.002
1143.4 1.282 0.002
1151.1 1.285 0.002
1158.8 1.289 0.002
1166.5 1.290 0.004
1174.3 1.292 0.004
1182.0 1.295 0.004
1189.7 1.297 0.004
1197.4 1.299 0.006
1205.1 1.301 0.006
1212.8 1.303 0.008
1220.5 1.304 0.008
1228.3 1.306 0.008
1236.0 1.309 0.008
1243.7 1.310 0.009
1251.4 1.311 0.011
1259.1 1.312 0.011
1266.8 1.314 0.011
1274.6 1.316 0.012
1282.3 1.317 0.012
1290.0 1.318 0.014
1297.7 1.319 0.014
1305.4 1.320 0.015
1313.1 1.320 0.015
1320.9 1.323 0.016
1328.6 1.323 0.016
1336.3 1.324 0.018
1344.0 1.324 0.018
1351.7 1.326 0.019
1359.4 1.325 0.019
1367.1 1.326 0.020
1374.9 1.328 0.020
1382.6 1.328 0.020
1390.3 1.329 0.021
1398.0 1.329 0.021
1405.7 1.330 0.023
1413.4 1.330 0.022
1421.2 1.332 0.024
1428.9 1.333 0.024
1436.6 1.332 0.025
1444.3 1.333 0.025
1452.0 1.333 0.026
1459.7 1.333 0.026
1467.5 1.335 0.027
1475.2 1.336 0.027
1482.9 1.335 0.028
1490.6 1.337 0.029
1498.3 1.337 0.029
1506.0 1.337 0.030
1513.7 1.337 0.031
1521.5 1.339 0.033
1529.2 1.339 0.032
1536.9 1.339 0.034
1544.6 1.340 0.035
1552.3 1.339 0.036
1560.0 1.340 0.037
1567.8 1.342 0.039
1575.5 1.342 0.040
1583.2 1.341 0.041
1590.9 1.342 0.042
1598.6 1.342 0.045
1606.3 1.343 0.048
1614.1 1.345 0.051
1621.8 1.346 0.057
1629.5 1.343 0.063
1637.2 1.338 0.070
1644.9 1.332 0.075
1652.6 1.322 0.077
1660.3 1.314 0.077
1668.1 1.309 0.075
1675.8 1.303 0.072
1683.5 1.295 0.069
1691.2 1.289 0.064
1698.9 1.283 0.058
1706.6 1.279 0.052
1714.4 1.279 0.044
1722.1 1.278 0.037
1729.8 1.279 0.030
1737.5 1.281 0.022
1745.2 1.285 0.018
1752.9 1.288 0.014
1760.7 1.291 0.012
1768.4 1.294 0.010
1776.1 1.297 0.008
1783.8 1.300 0.007
1791.5 1.302 0.006
1799.2 1.304 0.005
1806.9 1.306 0.004
1814.7 1.309 0.004
1822.4 1.310 0.003
1830.1 1.312 0.003
1837.8 1.313 0.002
1845.5 1.315 0.002
1853.2 1.317 0.002
1861.0 1.318 0.002
1868.7 1.320 0.001
1876.4 1.321 0.001
1884.1 1.322 0.001
1891.8 1.324 0.001
1899.5 1.325 0.001
1907.3 1.326 0.001
1915.0 1.327 0.001
1922.7 1.328 0.001
1930.4 1.329 0.001
1938.1 1.330 0.001
1945.8 1.331 0.001
1953.5 1.332 0.001
1961.3 1.333 0.001
1969.0 1.334 0.001
1976.7 1.335 0.001
1984.4 1.336 0.002
1992.1 1.337 0.002
1999.8 1.338 0.002
2007.6 1.339 0.003
2015.3 1.339 0.003
2023.0 1.341 0.004
2030.7 1.341 0.004
2038.4 1.342 0.004
2046.1 1.343 0.004
2053.9 1.344 0.005
2061.6 1.344 0.005
2069.3 1.345 0.006
2077.0 1.345 0.006
2084.7 1.346 0.007
2092.4 1.346 0.007
2100.1 1.347 0.008
2107.9 1.347 0.009
2115.6 1.348 0.010
2123.3 1.348 0.011
2131.0 1.349 0.011
2138.7 1.348 0.012
2146.4 1.348 0.012
2154.2 1.348 0.013
2161.9 1.348 0.014
2169.6 1.348 0.014
2177.3 1.348 0.015
2185.0 1.347 0.015
2192.7 1.346 0.016
2200.5 1.347 0.016
2208.2 1.346 0.015
2215.9 1.345 0.015
2223.6 1.345 0.015
2231.3 1.345 0.014
2239.0 1.344 0.014
2246.7 1.344 0.013
2254.5 1.345 0.013
2262.2 1.345 0.013
2269.9 1.344 0.013
2277.6 1.345 0.012
2285.3 1.345 0.012
2293.0 1.345 0.011
2300.8 1.346 0.011
2308.5 1.346 0.010
2316.2 1.347 0.010
2323.9 1.347 0.010
2331.6 1.347 0.009
2339.3 1.348 0.009
2347.1 1.348 0.008
2354.8 1.349 0.008
2362.5 1.349 0.008
2370.2 1.350 0.007
2377.9 1.350 0.007
2385.6 1.350 0.006
2393.4 1.352 0.006
2401.1 1.352 0.006
2408.8 1.352 0.006
2416.5 1.353 0.006
2424.2 1.354 0.006
2431.9 1.354 0.006
2439.6 1.355 0.006
2447.4 1.356 0.005
2455.1 1.356 0.005
2462.8 1.357 0.005
2470.5 1.358 0.004
2478.2 1.358 0.004
2485.9 1.359 0.004
2493.7 1.360 0.004
2501.4 1.360 0.004
2509.1 1.361 0.004
2516.8 1.362 0.003
2524.5 1.363 0.003
2532.2 1.363 0.003
2540.0 1.364 0.003
2547.7 1.365 0.003
2555.4 1.366 0.003
2563.1 1.367 0.003
2570.8 1.368 0.003
2578.5 1.368 0.003
2586.2 1.369 0.003
2594.0 1.370 0.002
2601.7 1.371 0.002
2609.4 1.372 0.002
2617.1 1.373 0.002
2624.8 1.374 0.002
2632.5 1.375 0.002
2640.3 1.376 0.002
2648.0 1.377 0.002
2655.7 1.378 0.002
2663.4 1.379 0.002
2671.1 1.380 0.002
2678.8 1.381 0.001
2686.6 1.382 0.002
2694.3 1.383 0.001
2702.0 1.384 0.001
2709.7 1.386 0.001
2717.4 1.387 0.001
2725.1 1.388 0.002
2732.8 1.389 0.002
2740.6 1.391 0.002
2748.3 1.392 0.002
2756.0 1.393 0.002
2763.7 1.395 0.002
2771.4 1.396 0.002
2779.1 1.398 0.002
2786.9 1.400 0.002
2794.6 1.401 0.003
2802.3 1.403 0.002
2810.0 1.404 0.002
2817.7 1.406 0.002
2825.4 1.408 0.002
2833.2 1.410 0.003
2840.9 1.411 0.003
2848.6 1.413 0.003
2856.3 1.415 0.003
2864.0 1.417 0.003
2871.7 1.420 0.003
2879.4 1.422 0.003
2887.2 1.425 0.003
2894.9 1.428 0.003
2902.6 1.430 0.003
2910.3 1.434 0.003
2918.0 1.436 0.004
2925.7 1.440 0.003
2933.5 1.443 0.004
2941.2 1.447 0.004
2948.9 1.451 0.005
2956.6 1.456 0.006
2964.3 1.460 0.007
2972.0 1.465 0.008
2979.8 1.470 0.009
2987.5 1.475 0.010
2995.2 1.480 0.012
3002.9 1.486 0.014
3010.6 1.492 0.017
3018.3 1.498 0.019
3026.0 1.505 0.022
3033.8 1.514 0.026
3041.5 1.520 0.030
3049.2 1.528 0.036
3056.9 1.537 0.042
3064.6 1.543 0.049
3072.3 1.551 0.058
3080.1 1.562 0.067
3087.8 1.569 0.078
3095.5 1.574 0.090
3103.5 1.580 0.103
3110.9 1.583 0.117
3118.6 1.587 0.132
3126.4 1.595 0.146
3134.1 1.597 0.162
3141.8 1.594 0.179
3149.5 1.594 0.196
3157.2 1.592 0.212
3164.9 1.584 0.231
3172.6 1.580 0.248
3180.4 1.583 0.264
3188.1 1.571 0.282
3195.8 1.563 0.298
3203.5 1.553 0.315
3211.2 1.535 0.332
3218.9 1.521 0.347
3226.7 1.520 0.359
3234.4 1.505 0.373
3242.1 1.482 0.385
3249.8 1.466 0.396
3257.5 1.439 0.406
3265.2 1.421 0.414
3273.0 1.418 0.420
3280.7 1.398 0.426
3288.4 1.369 0.431
3296.1 1.349 0.433
3303.8 1.329 0.434
3311.5 1.300 0.433
3319.3 1.296 0.429
3327.0 1.277 0.425
3334.7 1.251 0.421
3342.4 1.234 0.414
3350.1 1.217 0.408
3357.8 1.193 0.402
3365.5 1.178 0.395
3373.3 1.177 0.385
3381.0 1.161 0.377
3388.7 1.138 0.368
3396.4 1.124 0.358
3404.1 1.103 0.346
3411.8 1.090 0.333
3419.6 1.089 0.319
3427.3 1.077 0.303
3435.0 1.059 0.287
3442.7 1.050 0.270
3450.4 1.042 0.251
3458.1 1.032 0.233
3465.9 1.036 0.214
3473.6 1.034 0.194
3481.3 1.029 0.176
3489.0 1.031 0.158
3496.7 1.035 0.140
3504.4 1.037 0.125
3512.1 1.043 0.111
3519.9 1.053 0.098
3527.6 1.059 0.086
3535.3 1.064 0.075
3543.0 1.071 0.065
3550.7 1.077 0.055
3558.4 1.085 0.047
3566.2 1.094 0.039
3573.9 1.102 0.033
3581.6 1.109 0.027
3589.3 1.117 0.022
3597.0 1.125 0.018
3604.7 1.132 0.014
3612.5 1.139 0.012
3620.2 1.146 0.009
3627.9 1.153 0.007
3635.6 1.159 0.006
3643.3 1.167 0.005
3651.0 1.173 0.008
3658.7 1.176 0.012
3666.5 1.175 0.014
3674.2 1.174 0.010
3681.9 1.177 0.005
3689.6 1.181 0.004
3697.3 1.184 0.001
3705.0 1.188 0.000
3712.8 1.193 0.000
3720.5 1.197 0.000
3728.2 1.200 0.000
3735.9 1.204 0.000
3743.6 1.207 0.000
3751.3 1.209 0.000
3759.1 1.212 0.000
3766.8 1.214 0.000
3774.5 1.217 0.000
3782.2 1.219 0.000
3789.9 1.221 0.000
3797.6 1.223 0.000
3805.3 1.225 0.000
3813.1 1.227 0.000
3820.8 1.229 0.000
3828.5 1.230 0.000
3836.2 1.232 0.000
3843.4 1.233 0.000
3851.6 1.235 0.000
3859.4 1.236 0.000
3867.1 1.238 0.000
3874.8 1.239 0.000
3882.5 1.241 0.000
3890.2 1.242 0.000
3897.9 1.243 0.000
3905.7 1.244 0.000
3913.4 1.246 0.000
3921.1 1.247 0.000
3928.8 1.248 0.000
3936.5 1.249 0.000
3944.2 1.250 0.000
3951.9 1.251 0.000
3959.7 1.252 0.000
3967.4 1.253 0.000
3975.1 1.254 0.000
3982.8 1.255 0.000
3990.5 1.257 0.000
3998.2 1.258 0.000












